1
5
10
20
30
40
50
60
70
80
90
100
110
120
130
140
150
160
170
180
190
200
210
220
230
240
250
260
270
280
290
300
310
320
330
340
350
360
370
380
390
400
410
420
430
440
450
460
470
480
490
500
510
520
530
540
550
560
570
580
590
600
610
620
630
640
650
660
670
680
690
700
710
720
730
740
750
760
770
780
790
800
810
820
830
840
850
860
870
880
890
900
910
920
930
940
950
960
970
980
990
1000
1100
1200
1300
1400
1500
1600
1700
1800
1900
2000
2100
2200
2300
2400
2500
2600
2700
2800
2900
3000
3100
3200
3300
3400
3500
3600
3700
3800
3900
4000
4100
4200
4300
4400
4500
4600
4700
4800
4900
5000
5100
5200
5300
5400
5500
5600
5700
5800
5900
6000
6100
6200
6300
6400
6500
6600
6700
6800
6900
7000
7100
7200
7300
7400
7500
7600
7700
7800
7900
8000
8100
8200
8300
8400
8500
8600
8700
8800
8900
9000
9100
9200
9300
9400
9500
9600
9700
9800
9900
10000
11000
12000
13000
14000
15000
16000
17000
18000
19000
20000
21000
22000
23000
24000
25000
26000
27000
28000
29000
30000
31000
32000
33000
34000
35000
36000
37000
38000
39000
40000
41000
42000
43000
44000
45000
46000
47000
48000
49000
50000
51000
52000
53000
54000
55000
56000
57000
58000
59000
60000
61000
62000
63000
64000
65000
66000
67000
68000
69000
70000
71000
72000
73000
74000
75000
76000
77000
78000
79000
80000
81000
82000
83000
84000
85000
86000
87000
88000
89000
90000
91000
92000
93000
94000
95000
96000
97000
98000
99000
100000
105000
110000
115000
120000
125000
130000
135000
140000
145000
150000
155000
160000
165000
170000
175000
180000
185000
190000
195000
200000
205000
210000
215000
220000
225000
230000
235000
240000
245000
250000
255000
260000
265000
270000
275000
280000
285000
290000
295000
300000
305000
310000
315000
320000
325000
330000
335000
340000
345000
350000
355000
360000
365000
370000
375000
380000
385000
390000
395000
400000
405000
410000
415000
420000
425000
430000
435000
440000
445000
450000
455000
460000
465000
470000
475000
480000
485000
490000
495000
500000
505000
510000
515000
520000
525000
530000
535000
540000
545000
550000
555000
560000
565000
570000
575000
580000
585000
590000
595000
600000
605000
610000
615000
620000
625000
630000
635000
640000
645000
650000
655000
660000
665000
670000
675000
680000
685000
690000
695000
700000
705000
710000
715000
720000
725000
730000
735000
740000
745000
750000
755000
760000
765000
770000
775000
780000
785000
790000
795000
800000
805000
810000
815000
820000
825000
830000
835000
840000
845000
850000
855000
860000
865000
870000
875000
880000
885000
890000
895000
900000
905000
910000
915000
920000
925000
930000
935000
940000
945000
950000
955000
960000
965000
970000
975000
980000
985000
990000
995000
1000000
1010000
1020000
1030000
1040000
1050000
1060000
1070000
1080000
1090000
1100000
1110000
1120000
1130000
1140000
1150000
1160000
1170000
1180000
1190000
1200000
1210000
1220000
1230000
1240000
1250000
1260000
1270000
1280000
1290000
1300000
1310000
1320000
1330000
1340000
1350000
1360000
1370000
1380000
1390000
1400000
1410000
1420000
1430000
1440000
1450000
1460000
1470000
1480000
1490000
1500000
1510000
1520000
1530000
1540000
1550000
1560000
1570000
1580000
1590000
1600000
1610000
1620000
1630000
1640000
1650000
1660000
1670000
1680000
1690000
1700000
1710000
1720000
1730000
1740000
1750000
1760000
1770000
1780000
1790000
1800000
1810000
1820000
1830000
1840000
1850000
1860000
1870000
1880000
1890000
1900000
1910000
1920000
1930000
1940000
1950000
1960000
1970000
1980000
1990000
2000000
2010000
2020000
2030000
2040000
2050000
2060000
2070000
2080000
2090000
2100000
2110000
2120000
2130000
2140000
2150000
2160000
2170000
2180000
2190000
2200000
2210000
2220000
2230000
2240000
2250000
2260000
2270000
2280000
2290000
2300000
2310000
2320000
2330000
2340000
2350000
2360000
2370000
2380000
2390000
2400000
2410000
2420000
2430000
2440000
2450000
2460000
2470000
2480000
2490000
2500000
2510000
2520000
2530000
2540000
2550000
2560000
2570000
2580000
2590000
2600000
2610000
2620000
2630000
2640000
2650000
2660000
2670000
2680000
2690000
2700000
2710000
2720000
2730000
2740000
2750000
2760000
2770000
2780000
2790000
2800000
2810000
2820000
2830000
2840000
2850000
2860000
2870000
2880000
2890000
2900000
2910000
2920000
2930000
2940000
2950000
2960000
2970000
2980000
2990000
3000000
3010000
3020000
3030000
3040000
3050000
3060000
3070000
3080000
3090000
3100000
3110000
3120000
3130000
3140000
3150000
3160000
3170000
3180000
3190000
3200000
3210000
3220000
3230000
3240000
3250000
3260000
3270000
3280000
3290000
3300000
3310000
3320000
3330000
3340000
3350000
3360000
3370000
3380000
3390000
3400000
3410000
3420000
3430000
3440000
3450000
3460000
3470000
3480000
3490000
3500000
3510000
3520000
3530000
3540000
3550000
3560000
3570000
3580000
3590000
3600000
3610000
3620000
3630000
3640000
3650000
3660000
3670000
3680000
3690000
3700000
3710000
3720000
3730000
3740000
3750000
3760000
3770000
3780000
3790000
3800000
3810000
3820000
3830000
3840000
3850000
3860000
3870000
3880000
3890000
3900000
3910000
3920000
3930000
3940000
3950000
3960000
3970000
3980000
3990000
4000000
4010000
4020000
4030000
4040000
4050000
4060000
4070000
4080000
4090000
4100000
4110000
4120000
4130000
4140000
4150000
4160000
4170000
4180000
4190000
4200000
4210000
4220000
4230000
4240000
4250000
4260000
4270000
4280000
4290000
4300000
4310000
4320000
4330000
4340000
4350000
4360000
4370000
4380000
4390000
4400000
4410000
4420000
4430000
4440000
4450000
4460000
4470000
4480000
4490000
4500000
4510000
4520000
4530000
4540000
4550000
4560000
4570000
4580000
4590000
4600000
4610000
4620000
4630000
4640000
4650000
4660000
4670000
4680000
4690000
4700000
4710000
4720000
4730000
4740000
4750000
4760000
4770000
4780000
4790000
4800000
4810000
4820000
4830000
4840000
4850000
4860000
4870000
4880000
4890000
4900000
4910000
4920000
4930000
4940000
4950000
4960000
4970000
4980000
4990000
5000000
5010000
5020000
5030000
5040000
5050000
5060000
5070000
5080000
5090000
5100000
5110000
5120000
5130000
5140000
5150000
5160000
5170000
5180000
5190000
5200000
5210000
5220000
5230000
5240000
5250000
5260000
5270000
5280000
5290000
5300000
5310000
5320000
5330000
5340000
5350000
5360000
5370000
5380000
5390000
5400000
5410000
5420000
5430000
5440000
5450000
5460000
5470000
5480000
5490000
5500000
5510000
5520000
5530000
5540000
5550000
5560000
5570000
5580000
5590000
5600000
5610000
5620000
5630000
5640000
5650000
5660000
5670000
5680000
5690000
5700000
5710000
5720000
5730000
5740000
5750000
5760000
5770000
5780000
5790000
5800000
5810000
5820000
5830000
5840000
5850000
5860000
5870000
5880000
5890000
5900000
5910000
5920000
5930000
5940000
5950000
5960000
5970000
5980000
5990000
6000000
6010000
6020000
6030000
6040000
6050000
6060000
6070000
6080000
6090000
6100000
6110000
6120000
6130000
6140000
6150000
6160000
6170000
6180000
6190000
6200000
6210000
6220000
6230000
6240000
6250000
6260000
6270000
6280000
6290000
6300000
6310000
6320000
6330000
6340000
6350000
6360000
6370000
6380000
6390000
6400000
6410000
6420000
6430000
6440000
6450000
6460000
6470000
6480000
6490000
6500000
6510000
6520000
6530000
6540000
6550000
6560000
6570000
6580000
6590000
6600000
6610000
6620000
6630000
6640000
6650000
6660000
6670000
6680000
6690000
6700000
6710000
6720000
6730000
6740000
6750000
6760000
6770000
6780000
6790000
6800000
6810000
6820000
6830000
6840000
6850000
6860000
6870000
6880000
6890000
6900000
6910000
6920000
6930000
6940000
6950000
6960000
6970000
6980000
6990000
7000000
7010000
7020000
7030000
7040000
7050000
7060000
7070000
7080000
7090000
7100000
7110000
7120000
7130000
7140000
7150000
7160000
7170000
7180000
7190000
7200000
7210000
7220000
7230000
7240000
7250000
7260000
7270000
7280000
7290000
7300000
7310000
7320000
7330000
7340000
7350000
7360000
7370000
7380000
7390000
7400000
7410000
7420000
7430000
7440000
7450000
7460000
7470000
7480000
7490000
7500000
7510000
7520000
7530000
7540000
7550000
7560000
7570000
7580000
7590000
7600000
7610000
7620000
7630000
7640000
7650000
7660000
7670000
7680000
7690000
7700000
7710000
7720000
7730000
7740000
7750000
7760000
7770000
7780000
7790000
7800000
7810000
7820000
7830000
7840000
7850000
7860000
7870000
7880000
7890000
7900000
7910000
7920000
7930000
7940000
7950000
7960000
7970000
7980000
7990000
8000000
8010000
8020000
8030000
8040000
8050000
8060000
8070000
8080000
8090000
8100000
8110000
8120000
8130000
8140000
8150000
8160000
8170000
8180000
8190000
8200000
8210000
8220000
8230000
8240000
8250000
8260000
8270000
8280000
8290000
8300000
8310000
8320000
8330000
8340000
8350000
8360000
8370000
8380000
8390000
8400000
8410000
8420000
8430000
8440000
8450000
8460000
8470000
8480000
8490000
8500000
8510000
8520000
8530000
8540000
8550000
8560000
8570000
8580000
8590000
8600000
8610000
8620000
8630000
8640000
8650000
8660000
8670000
8680000
8690000
8700000
8710000
8720000
8730000
8740000
8750000
8760000
8770000
8780000
8790000
8800000
8810000
8820000
8830000
8840000
8850000
8860000
8870000
8880000
8890000
8900000
8910000
8920000
8930000
8940000
8950000
8960000
8970000
8980000
8990000
9000000
9010000
9020000
9030000
9040000
9050000
9060000
9070000
9080000
9090000
9100000
9110000
9120000
9130000
9140000
9150000
9160000
9170000
9180000
9190000
9200000
9210000
9220000
9230000
9240000
9250000
9260000
9270000
9280000
9290000
9300000
9310000
9320000
9330000
9340000
9350000
9360000
9370000
9380000
9390000
9400000
9410000
9420000
9430000
9440000
9450000
9460000
9470000
9480000
9490000
9500000
9510000
9520000
9530000
9540000
9550000
9560000
9570000
9580000
9590000
9600000
9610000
9620000
9630000
9640000
9650000
9660000
9670000
9680000
9690000
9700000
9710000
9720000
9730000
9740000
9750000
9760000
9770000
9780000
9790000
9800000
9810000
9820000
9830000
9840000
9850000
9860000
9870000
9880000
9890000
9900000
9910000
9920000
9930000
9940000
9950000
9960000
9970000
9980000
9990000
10000000
10050000
10100000
10150000
10200000
10250000
10300000
10350000
10400000
10450000
10500000
10550000
10600000
10650000
10700000
10750000
10800000
10850000
10900000
10950000
11000000
11050000
11100000
11150000
11200000
11250000
11300000
11350000
11400000
11450000
11500000
11550000
11600000
11650000
11700000
11750000
11800000
11850000
11900000
11950000
12000000
12050000
12100000
12150000
12200000
12250000
12300000
12350000
12400000
12450000
12500000
12550000
12600000
12650000
12700000
12750000
12800000
12850000
12900000
12950000
13000000
13050000
13100000
13150000
13200000
13250000
13300000
13350000
13400000
13450000
13500000
13550000
13600000
13650000
13700000
13750000
13800000
13850000
13900000
13950000
14000000
14050000
14100000
14150000
14200000
14250000
14300000
14350000
14400000
14450000
14500000
14550000
14600000
14650000
14700000
14750000
14800000
14850000
14900000
14950000
15000000
15050000
15100000
15150000
15200000
15250000
15300000
15350000
15400000
15450000
15500000
15550000
15600000
15650000
15700000
15750000
15800000
15850000
15900000
15950000
16000000
16050000
16100000
16150000
16200000
16250000
16300000
16350000
16400000
16450000
16500000
16550000
16600000
16650000
16700000
16750000
16800000
16850000
16900000
16950000
17000000
17050000
17100000
17150000
17200000
17250000
17300000
17350000
17400000
17450000
17500000
17550000
17600000
17650000
17700000
17750000
17800000
17850000
17900000
17950000
18000000
18050000
18100000
18150000
18200000
18250000
18300000
18350000
18400000
18450000
18500000
18550000
18600000
18650000
18700000
18750000
18800000
18850000
18900000
18950000
19000000
19050000
19100000
19150000
19200000
19250000
19300000
19350000
19400000
19450000
19500000
19550000
19600000
19650000
19700000
19750000
19800000
19850000
19900000
19950000
20000000
20050000
20100000
20150000
20200000
20250000
20300000
20350000
20400000
20450000
20500000
20550000
20600000
20650000
20700000
20750000
20800000
20850000
20900000
20950000
21000000
21050000
21100000
21150000
21200000
21250000
21300000
21350000
21400000
21450000
21500000
21550000
21600000
21650000
21700000
21750000
21800000
21850000
21900000
21950000
22000000
22050000
22100000
22150000
22200000
22250000
22300000
22350000
22400000
22450000
22500000
22550000
22600000
22650000
22700000
22750000
22800000
22850000
22900000
22950000
23000000
23050000
23100000
23150000
23200000
23250000
23300000
23350000
23400000
23450000
23500000
23550000
23600000
23650000
23700000
23750000
23800000
23850000
23900000
23950000
24000000
24050000
24100000
24150000
24200000
24250000
24300000
24350000
24400000
24450000
24500000
24550000
24600000
24650000
24700000
24750000
24800000
24850000
24900000
24950000
25000000
25050000
25100000
25150000
25200000
25250000
25300000
25350000
25400000
25450000
25500000
25550000
25600000
25650000
25700000
25750000
25800000
25850000
25900000
25950000
26000000
26050000
26100000
26150000
26200000
26250000
26300000
26350000
26400000
26450000
26500000
26550000
26600000
26650000
26700000
26750000
26800000
26850000
26900000
26950000
27000000
27050000
27100000
27150000
27200000
27250000
27300000
27350000
27400000
27450000
27500000
27550000
27600000
27650000
27700000
27750000
27800000
27850000
27900000
27950000
28000000
28050000
28100000
28150000
28200000
28250000
28300000
28350000
28400000
28450000
28500000
28550000
28600000
28650000
28700000
28750000
28800000
28850000
28900000
28950000
29000000
29050000
29100000
29150000
29200000
29250000
29300000
29350000
29400000
29450000
29500000
29550000
29600000
29650000
29700000
29750000
29800000
29850000
29900000
29950000
30000000
30050000
30100000
30150000
30200000
30250000
30300000
30350000
30400000
30450000
30500000
30550000
30600000
30650000
30700000
30750000
30800000
30850000
30900000
30950000
31000000
31050000
31100000
31150000
31200000
31250000
31300000
31350000
31400000
31450000
31500000
31550000
31600000
31650000
31700000
31750000
31800000
31850000
31900000
31950000
32000000
32050000
32100000
32150000
32200000
32250000
32300000
32350000
32400000
32450000
32500000
32550000
32600000
32650000
32700000
32750000
32800000
32850000
32900000
32950000
33000000
33050000
33100000
33150000
33200000
33250000
33300000
33350000
33400000
33450000
33500000
33550000
33600000
33650000
33700000
33750000
33800000
33850000
33900000
33950000
34000000
34050000
34100000
34150000
34200000
34250000
34300000
34350000
34400000
34450000
34500000
34550000
34600000
34650000
34700000
34750000
34800000
34850000
34900000
34950000
35000000
35050000
35100000
35150000
35200000
35250000
35300000
35350000
35400000
35450000
35500000
35550000
35600000
35650000
35700000
35750000
35800000
35850000
35900000
35950000
36000000
36050000
36100000
36150000
36200000
36250000
36300000
36350000
36400000
36450000
36500000
36550000
36600000
36650000
36700000
36750000
36800000
36850000
36900000
36950000
37000000
37050000
37100000
37150000
37200000
37250000
37300000
37350000
37400000
37450000
37500000
37550000
37600000
37650000
37700000
37750000
37800000
37850000
37900000
37950000
38000000
38050000
38100000
38150000
38200000
38250000
38300000
38350000
38400000
38450000
38500000
38550000
38600000
38650000
38700000
38750000
38800000
38850000
38900000
38950000
39000000
39050000
39100000
39150000
39200000
39250000
39300000
39350000
39400000
39450000
39500000
39550000
39600000
39650000
39700000
39750000
39800000
39850000
39900000
39950000
40000000
40050000
40100000
40150000
40200000
40250000
40300000
40350000
40400000
40450000
40500000
40550000
40600000
40650000
40700000
40750000
40800000
40850000
40900000
40950000
41000000
41050000
41100000
41150000
41200000
41250000
41300000
41350000
41400000
41450000
41500000
41550000
41600000
41650000
41700000
41750000
41800000
41850000
41900000
41950000
42000000
42050000
42100000
42150000
42200000
42250000
42300000
42350000
42400000
42450000
42500000
42550000
42600000
42650000
42700000
42750000
42800000
42850000
42900000
42950000
43000000
43050000
43100000
43150000
43200000
43250000
43300000
43350000
43400000
43450000
43500000
43550000
43600000
43650000
43700000
43750000
43800000
43850000
43900000
43950000
44000000
44050000
44100000
44150000
44200000
44250000
44300000
44350000
44400000
44450000
44500000
44550000
44600000
44650000
44700000
44750000
44800000
44850000
44900000
44950000
45000000
45050000
45100000
45150000
45200000
45250000
45300000
45350000
45400000
45450000
45500000
45550000
45600000
45650000
45700000
45750000
45800000
45850000
45900000
45950000
46000000
46050000
46100000
46150000
46200000
46250000
46300000
46350000
46400000
46450000
46500000
46550000
46600000
46650000
46700000
46750000
46800000
46850000
46900000
46950000
47000000
47050000
47100000
47150000
47200000
47250000
47300000
47350000
47400000
47450000
47500000
47550000
47600000
47650000
47700000
47750000
47800000
47850000
47900000
47950000
48000000
48050000
48100000
48150000
48200000
48250000
48300000
48350000
48400000
48450000
48500000
48550000
48600000
48650000
48700000
48750000
48800000
48850000
48900000
48950000
49000000
49050000
49100000
49150000
49200000
49250000
49300000
49350000
49400000
49450000
49500000
49550000
49600000
49650000
49700000
49750000
49800000
49850000
49900000
49950000
50000000
50050000
50100000
50150000
50200000
50250000
50300000
50350000
50400000
50450000
50500000
50550000
50600000
50650000
50700000
50750000
50800000
50850000
50900000
50950000
51000000
51050000
51100000
51150000
51200000
51250000
51300000
51350000
51400000
51450000
51500000
51550000
51600000
51650000
51700000
51750000
51800000
51850000
51900000
51950000
52000000
52050000
52100000
52150000
52200000
52250000
52300000
52350000
52400000
52450000
52500000
52550000
52600000
52650000
52700000
52750000
52800000
52850000
52900000
52950000
53000000
53050000
53100000
53150000
53200000
53250000
53300000
53350000
53400000
53450000
53500000
53550000
53600000
53650000
53700000
53750000
53800000
53850000
53900000
53950000
54000000
54050000
54100000
54150000
54200000
54250000
54300000
54350000
54400000
54450000
54500000
54550000
54600000
54650000
54700000
54750000
54800000
54850000
54900000
54950000
55000000
55050000
55100000
55150000
55200000
55250000
55300000
55350000
55400000
55450000
55500000
55550000
55600000
55650000
55700000
55750000
55800000
55850000
55900000
55950000
56000000
56050000
56100000
56150000
56200000
56250000
56300000
56350000
56400000
56450000
56500000
56550000
56600000
56650000
56700000
56750000
56800000
56850000
56900000
56950000
57000000
57050000
57100000
57150000
57200000
57250000
57300000
57350000
57400000
57450000
57500000
57550000
57600000
57650000
57700000
57750000
57800000
57850000
57900000
57950000
58000000
58050000
58100000
58150000
58200000
58250000
58300000
58350000
58400000
58450000
58500000
58550000
58600000
58650000
58700000
58750000
58800000
58850000
58900000
58950000
59000000
59050000
59100000
59150000
59200000
59250000
59300000
59350000
59400000
59450000
59500000
59550000
59600000
59650000
59700000
59750000
59800000
59850000
59900000
59950000
60000000
60050000
60100000
60150000
60200000
60250000
60300000
60350000
60400000
60450000
60500000
60550000
60600000
60650000
60700000
60750000
60800000
60850000
60900000
60950000
61000000
61050000
61100000
61150000
61200000
61250000
61300000
61350000
61400000
61450000
61500000
61550000
61600000
61650000
61700000
61750000
61800000
61850000
61900000
61950000
62000000
62050000
62100000
62150000
62200000
62250000
62300000
62350000
62400000
62450000
62500000
62550000
62600000
62650000
62700000
62750000
62800000
62850000
62900000
62950000
63000000
63050000
63100000
63150000
63200000
63250000
63300000
63350000
63400000
63450000
63500000
63550000
63600000
63650000
63700000
63750000
63800000
63850000
63900000
63950000
64000000
64050000
64100000
64150000
64200000
64250000
64300000
64350000
64400000
64450000
64500000
64550000
64600000
64650000
64700000
64750000
64800000
64850000
64900000
64950000
65000000
65050000
65100000
65150000
65200000
65250000
65300000
65350000
65400000
65450000
65500000
65550000
65600000
65650000
65700000
65750000
65800000
65850000
65900000
65950000
66000000
66050000
66100000
66150000
66200000
66250000
66300000
66350000
66400000
66450000
66500000
66550000
66600000
66650000
66700000
66750000
66800000
66850000
66900000
66950000
67000000
67050000
67100000
67150000
67200000
67250000
67300000
67350000
67400000
67450000
67500000
67550000
67600000
67650000
67700000
67750000
67800000
67850000
67900000
67950000
68000000
68050000
68100000
68150000
68200000
68250000
68300000
68350000
68400000
68450000
68500000
68550000
68600000
68650000
68700000
68750000
68800000
68850000
68900000
68950000
69000000
69050000
69100000
69150000
69200000
69250000
69300000
69350000
69400000
69450000
69500000
69550000
69600000
69650000
69700000
69750000
69800000
69850000
69900000
69950000
70000000
70050000
70100000
70150000
70200000
70250000
70300000
70350000
70400000
70450000
70500000
70550000
70600000
70650000
70700000
70750000
70800000
70850000
70900000
70950000
71000000
71050000
71100000
71150000
71200000
71250000
71300000
71350000
71400000
71450000
71500000
71550000
71600000
71650000
71700000
71750000
71800000
71850000
71900000
71950000
72000000
72050000
72100000
72150000
72200000
72250000
72300000
72350000
72400000
72450000
72500000
72550000
72600000
72650000
72700000
72750000
72800000
72850000
72900000
72950000
73000000
73050000
73100000
73150000
73200000
73250000
73300000
73350000
73400000
73450000
73500000
73550000
73600000
73650000
73700000
73750000
73800000
73850000
73900000
73950000
74000000
74050000
74100000
74150000
74200000
74250000
74300000
74350000
74400000
74450000
74500000
74550000
74600000
74650000
74700000
74750000
74800000
74850000
74900000
74950000
75000000
75050000
75100000
75150000
75200000
75250000
75300000
75350000
75400000
75450000
75500000
75550000
75600000
75650000
75700000
75750000
75800000
75850000
75900000
75950000
76000000
76050000
76100000
76150000
76200000
76250000
76300000
76350000
76400000
76450000
76500000
76550000
76600000
76650000
76700000
76750000
76800000
76850000
76900000
76950000
77000000
77050000
77100000
77150000
77200000
77250000
77300000
77350000
77400000
77450000
77500000
77550000
77600000
77650000
77700000
77750000
77800000
77850000
77900000
77950000
78000000
78050000
78100000
78150000
78200000
78250000
78300000
78350000
78400000
78450000
78500000
78550000
78600000
78650000
78700000
78750000
78800000
78850000
78900000
78950000
79000000
79050000
79100000
79150000
79200000
79250000
79300000
79350000
79400000
79450000
79500000
79550000
79600000
79650000
79700000
79750000
79800000
79850000
79900000
79950000
80000000
80050000
80100000
80150000
80200000
80250000
80300000
80350000
80400000
80450000
80500000
80550000
80600000
80650000
80700000
80750000
80800000
80850000
80900000
80950000
81000000
81050000
81100000
81150000
81200000
81250000
81300000
81350000
81400000
81450000
81500000
81550000
81600000
81650000
81700000
81750000
81800000
81850000
81900000
81950000
82000000
82050000
82100000
82150000
82200000
82250000
82300000
82350000
82400000
82450000
82500000
82550000
82600000
82650000
82700000
82750000
82800000
82850000
82900000
82950000
83000000
83050000
83100000
83150000
83200000
83250000
83300000
83350000
83400000
83450000
83500000
83550000
83600000
83650000
83700000
83750000
83800000
83850000
83900000
83950000
84000000
84050000
84100000
84150000
84200000
84250000
84300000
84350000
84400000
84450000
84500000
84550000
84600000
84650000
84700000
84750000
84800000
84850000
84900000
84950000
85000000
85050000
85100000
85150000
85200000
85250000
85300000
85350000
85400000
85450000
85500000
85550000
85600000
85650000
85700000
85750000
85800000
85850000
85900000
85950000
86000000
86050000
86100000
86150000
86200000
86250000
86300000
86350000
86400000
86450000
86500000
86550000
86600000
86650000
86700000
86750000
86800000
86850000
86900000
86950000
87000000
87050000
87100000
87150000
87200000
87250000
87300000
87350000
87400000
87450000
87500000
87550000
87600000
87650000
87700000
87750000
87800000
87850000
87900000
87950000
88000000
88050000
88100000
88150000
88200000
88250000
88300000
88350000
88400000
88450000
88500000
88550000
88600000
88650000
88700000
88750000
88800000
88850000
88900000
88950000
89000000
89050000
89100000
89150000
89200000
89250000
89300000
89350000
89400000
89450000
89500000
89550000
89600000
89650000
89700000
89750000
89800000
89850000
89900000
89950000
90000000
90050000
90100000
90150000
90200000
90250000
90300000
90350000
90400000
90450000
90500000
90550000
90600000
90650000
90700000
90750000
90800000
90850000
90900000
90950000
91000000
91050000
91100000
91150000
91200000
91250000
91300000
91350000
91400000
91450000
91500000
91550000
91600000
91650000
91700000
91750000
91800000
91850000
91900000
91950000
92000000
92050000
92100000
92150000
92200000
92250000
92300000
92350000
92400000
92450000
92500000
92550000
92600000
92650000
92700000
92750000
92800000
92850000
92900000
92950000
93000000
93050000
93100000
93150000
93200000
93250000
93300000
93350000
93400000
93450000
93500000
93550000
93600000
93650000
93700000
93750000
93800000
93850000
93900000
93950000
94000000
94050000
94100000
94150000
94200000
94250000
94300000
94350000
94400000
94450000
94500000
94550000
94600000
94650000
94700000
94750000
94800000
94850000
94900000
94950000
95000000
95050000
95100000
95150000
95200000
95250000
95300000
95350000
95400000
95450000
95500000
95550000
95600000
95650000
95700000
95750000
95800000
95850000
95900000
95950000
96000000
96050000
96100000
96150000
96200000
96250000
96300000
96350000
96400000
96450000
96500000
96550000
96600000
96650000
96700000
96750000
96800000
96850000
96900000
96950000
97000000
97050000
97100000
97150000
97200000
97250000
97300000
97350000
97400000
97450000
97500000
97550000
97600000
97650000
97700000
97750000
97800000
97850000
97900000
97950000
98000000
98050000
98100000
98150000
98200000
98250000
98300000
98350000
98400000
98450000
98500000
98550000
98600000
98650000
98700000
98750000
98800000
98850000
98900000
98950000
99000000
99050000
99100000
99150000
99200000
99250000
99300000
99350000
99400000
99450000
99500000
99550000
99600000
99650000
99700000
99750000
99800000
99850000
99900000
99950000
100000000
110000000
120000000
130000000
140000000
150000000
160000000
170000000
180000000
190000000
200000000
210000000
220000000
230000000
240000000
250000000
260000000
270000000
280000000
290000000
300000000
310000000
320000000
330000000
340000000
350000000
360000000
370000000
380000000
390000000
400000000
410000000
420000000
430000000
440000000
450000000
460000000
470000000
480000000
490000000
500000000
510000000
520000000
530000000
540000000
550000000
560000000
570000000
580000000
590000000
600000000
610000000
620000000
630000000
640000000
650000000
660000000
670000000
680000000
690000000
700000000
710000000
720000000
730000000
740000000
750000000
760000000
770000000
780000000
790000000
800000000
810000000
820000000
830000000
840000000
850000000
860000000
870000000
880000000
890000000
900000000
910000000
920000000
930000000
940000000
950000000
960000000
970000000
980000000
990000000
1000000000
1010000000
1020000000
1030000000
1040000000
1050000000
1060000000
1070000000
1080000000
1090000000
1100000000
1110000000
1120000000
1130000000
1140000000
1150000000
1160000000
1170000000
1180000000
1190000000
1200000000
1210000000
1220000000
1230000000
1240000000
1250000000
1260000000
1270000000
1280000000
1290000000
1300000000
1310000000
1320000000
1330000000
1340000000
1350000000
1360000000
1370000000
1380000000
1390000000
1400000000
1410000000
1420000000
1430000000
1440000000
1450000000
1460000000
1470000000
1480000000
1490000000
1500000000
1510000000
1520000000
1530000000
1540000000
1550000000
1560000000
1570000000
1580000000
1590000000
1600000000
1610000000
1620000000
1630000000
1640000000
1650000000
1660000000
1670000000
1680000000
1690000000
1700000000
1710000000
1720000000
1730000000
1740000000
1750000000
1760000000
1770000000
1780000000
1790000000
1800000000
1810000000
1820000000
1830000000
1840000000
1850000000
1860000000
1870000000
1880000000
1890000000
1900000000
1910000000
1920000000
1930000000
1940000000
1950000000
1960000000
1970000000
1980000000
1990000000
2000000000
2010000000
2020000000
2030000000
2040000000
2050000000
2060000000
2070000000
2080000000
2090000000
2100000000
2110000000
2120000000
2130000000
2140000000
2150000000
2160000000
2170000000
2180000000
2190000000
2200000000
2210000000
2220000000
2230000000
2240000000
2250000000
2260000000
2270000000
2280000000
2290000000
2300000000
2310000000
2320000000
2330000000
2340000000
2350000000
2360000000
2370000000
2380000000
2390000000
2400000000
2410000000
2420000000
2430000000
2440000000
2450000000
2460000000
2470000000
2480000000
2490000000
2500000000
2510000000
2520000000
2530000000
2540000000
2550000000
2560000000
2570000000
2580000000
2590000000
2600000000
2610000000
2620000000
2630000000
2640000000
2650000000
2660000000
2670000000
2680000000
2690000000
2700000000
2710000000
2720000000
2730000000
2740000000
2750000000
2760000000
2770000000
2780000000
2790000000
2800000000
2810000000
2820000000
2830000000
2840000000
2850000000
2860000000
2870000000
2880000000
2890000000
2900000000
2910000000
2920000000
2930000000
2940000000
2950000000
2960000000
2970000000
2980000000
2990000000
3000000000
3010000000
3020000000
3030000000
3040000000
3050000000
3060000000
3070000000
3080000000
3090000000
3100000000
3110000000
3120000000
3130000000
3140000000
3150000000
3160000000
3170000000
3180000000
3190000000
3200000000
3210000000
3220000000
3230000000
3240000000
3250000000
3260000000
3270000000
3280000000
3290000000
3300000000
3310000000
3320000000
3330000000
3340000000
3350000000
3360000000
3370000000
3380000000
3390000000
3400000000
3410000000
3420000000
3430000000
3440000000
3450000000
3460000000
3470000000
3480000000
3490000000
3500000000
3510000000
3520000000
3530000000
3540000000
3550000000
3560000000
3570000000
3580000000
3590000000
3600000000
3610000000
3620000000
3630000000
3640000000
3650000000
3660000000
3670000000
3680000000
3690000000
3700000000
3710000000
3720000000
3730000000
3740000000
3750000000
3760000000
3770000000
3780000000
3790000000
3800000000
3810000000
3820000000
3830000000
3840000000
3850000000
3860000000
3870000000
3880000000
3890000000
3900000000
3910000000
3920000000
3930000000
3940000000
3950000000
3960000000
3970000000
3980000000
3990000000
4000000000
4010000000
4020000000
4030000000
4040000000
4050000000
4060000000
4070000000
4080000000
4090000000
4100000000
4110000000
4120000000
4130000000
4140000000
4150000000
4160000000
4170000000
4180000000
4190000000
4200000000
4210000000
4220000000
4230000000
4240000000
4250000000
4260000000
4270000000
4280000000
4290000000
4300000000
4310000000
4320000000
4330000000
4340000000
4350000000
4360000000
4370000000
4380000000
4390000000
4400000000
4410000000
4420000000
4430000000
4440000000
4450000000
4460000000
4470000000
4480000000
4490000000
4500000000
4510000000
4520000000
4530000000
4540000000
4550000000
4560000000
4570000000
4580000000
4590000000
4600000000
4610000000
4620000000
4630000000
4640000000
4650000000
4660000000
4670000000
4680000000
4690000000
4700000000
4710000000
4720000000
4730000000
4740000000
4750000000
4760000000
4770000000
4780000000
4790000000
4800000000
4810000000
4820000000
4830000000
4840000000
4850000000
4860000000
4870000000
4880000000
4890000000
4900000000
4910000000
4920000000
4930000000
4940000000
4950000000
4960000000
4970000000
4980000000
4990000000
5000000000
5010000000
5020000000
5030000000
5040000000
5050000000
5060000000
5070000000
5080000000
5090000000
5100000000
5110000000
5120000000
5130000000
5140000000
5150000000
5160000000
5170000000
5180000000
5190000000
5200000000
5210000000
5220000000
5230000000
5240000000
5250000000
5260000000
5270000000
5280000000
5290000000
5300000000
5310000000
5320000000
5330000000
5340000000
5350000000
5360000000
5370000000
5380000000
5390000000
5400000000
5410000000
5420000000
5430000000
5440000000
5450000000
5460000000
5470000000
5480000000
5490000000
5500000000
5510000000
5520000000
5530000000
5540000000
5550000000
5560000000
5570000000
5580000000
5590000000
5600000000
5610000000
5620000000
5630000000
5640000000
5650000000
5660000000
5670000000
5680000000
5690000000
5700000000
5710000000
5720000000
5730000000
5740000000
5750000000
5760000000
5770000000
5780000000
5790000000
5800000000
5810000000
5820000000
5830000000
5840000000
5850000000
5860000000
5870000000
5880000000
5890000000
5900000000
5910000000
5920000000
5930000000
5940000000
5950000000
5960000000
5970000000
5980000000
5990000000
6000000000
6010000000
6020000000
6030000000
6040000000
6050000000
6060000000
6070000000
6080000000
6090000000
6100000000
6110000000
6120000000
6130000000
6140000000
6150000000
6160000000
6170000000
6180000000
6190000000
6200000000
6210000000
6220000000
6230000000
6240000000
6250000000
6260000000
6270000000
6280000000
6290000000
6300000000
6310000000
6320000000
6330000000
6340000000
6350000000
6360000000
6370000000
6380000000
6390000000
6400000000
6410000000
6420000000
6430000000
6440000000
6450000000
6460000000
6470000000
6480000000
6490000000
6500000000
6510000000
6520000000
6530000000
6540000000
6550000000
6560000000
6570000000
6580000000
6590000000
6600000000
6610000000
6620000000
6630000000
6640000000
6650000000
6660000000
6670000000
6680000000
6690000000
6700000000
6710000000
6720000000
6730000000
6740000000
6750000000
6760000000
6770000000
6780000000
6790000000
6800000000
6810000000
6820000000
6830000000
6840000000
6850000000
6860000000
6870000000
6880000000
6890000000
6900000000
6910000000
6920000000
6930000000
6940000000
6950000000
6960000000
6970000000
6980000000
6990000000
7000000000
7010000000
7020000000
7030000000
7040000000
7050000000
7060000000
7070000000
7080000000
7090000000
7100000000
7110000000
7120000000
7130000000
7140000000
7150000000
7160000000
7170000000
7180000000
7190000000
7200000000
7210000000
7220000000
7230000000
7240000000
7250000000
7260000000
7270000000
7280000000
7290000000
7300000000
7310000000
7320000000
7330000000
7340000000
7350000000
7360000000
7370000000
7380000000
7390000000
7400000000
7410000000
7420000000
7430000000
7440000000
7450000000
7460000000
7470000000
7480000000
7490000000
7500000000
7510000000
7520000000
7530000000
7540000000
7550000000
7560000000
7570000000
7580000000
7590000000
7600000000
7610000000
7620000000
7630000000
7640000000
7650000000
7660000000
7670000000
7680000000
7690000000
7700000000
7710000000
7720000000
7730000000
7740000000
7750000000
7760000000
7770000000
7780000000
7790000000
7800000000
7810000000
7820000000
7830000000
7840000000
7850000000
7860000000
7870000000
7880000000
7890000000
7900000000
7910000000
7920000000
7930000000
7940000000
7950000000
7960000000
7970000000
7980000000
7990000000
8000000000
8010000000
8020000000
8030000000
8040000000
8050000000
8060000000
8070000000
8080000000
8090000000
8100000000
8110000000
8120000000
8130000000
8140000000
8150000000
8160000000
8170000000
8180000000
8190000000
8200000000
8210000000
8220000000
8230000000
8240000000
8250000000
8260000000
8270000000
8280000000
8290000000
8300000000
8310000000
8320000000
8330000000
8340000000
8350000000
8360000000
8370000000
8380000000
8390000000
8400000000
8410000000
8420000000
8430000000
8440000000
8450000000
8460000000
8470000000
8480000000
8490000000
8500000000
8510000000
8520000000
8530000000
8540000000
8550000000
8560000000
8570000000
8580000000
8590000000
8600000000
8610000000
8620000000
8630000000
8640000000
8650000000
8660000000
8670000000
8680000000
8690000000
8700000000
8710000000
8720000000
8730000000
8740000000
8750000000
8760000000
8770000000
8780000000
8790000000
8800000000
8810000000
8820000000
8830000000
8840000000
8850000000
8860000000
8870000000
8880000000
8890000000
8900000000
8910000000
8920000000
8930000000
8940000000
8950000000
8960000000
8970000000
8980000000
8990000000
9000000000
9010000000
9020000000
9030000000
9040000000
9050000000
9060000000
9070000000
9080000000
9090000000
9100000000
9110000000
9120000000
9130000000
9140000000
9150000000
9160000000
9170000000
9180000000
9190000000
9200000000
9210000000
9220000000
9230000000
9240000000
9250000000
9260000000
9270000000
9280000000
9290000000
9300000000
9310000000
9320000000
9330000000
9340000000
9350000000
9360000000
9370000000
9380000000
9390000000
9400000000
9410000000
9420000000
9430000000
9440000000
9450000000
9460000000
9470000000
9480000000
9490000000
9500000000
9510000000
9520000000
9530000000
9540000000
9550000000
9560000000
9570000000
9580000000
9590000000
9600000000
9610000000
9620000000
9630000000
9640000000
9650000000
9660000000
9670000000
9680000000
9690000000
9700000000
9710000000
9720000000
9730000000
9740000000
9750000000
9760000000
9770000000
9780000000
9790000000
9800000000
9810000000
9820000000
9830000000
9840000000
9850000000
9860000000
9870000000
9880000000
9890000000
9900000000
9910000000
9920000000
9930000000
9940000000
9950000000
9960000000
9970000000
9980000000
9990000000
10000000000
10100000000
10200000000
10300000000
10400000000
10500000000
10600000000
10700000000
10800000000
10900000000
11000000000
11100000000
11200000000
11300000000
11400000000
11500000000
11600000000
11700000000
11800000000
11900000000
12000000000
12100000000
12200000000
12300000000
12400000000
12500000000
12600000000
12700000000
12800000000
12900000000
13000000000
13100000000
13200000000
13300000000
13400000000
13500000000
13600000000
13700000000
13800000000
13900000000
14000000000
14100000000
14200000000
14300000000
14400000000
14500000000
14600000000
14700000000
14800000000
14900000000
15000000000
15100000000
15200000000
15300000000
15400000000
15500000000
15600000000
15700000000
15800000000
15900000000
16000000000
16100000000
16200000000
16300000000
16400000000
16500000000
16600000000
16700000000
16800000000
16900000000
17000000000
17100000000
17200000000
17300000000
17400000000
17500000000
17600000000
17700000000
17800000000
17900000000
18000000000
18100000000
18200000000
18300000000
18400000000
18500000000
18600000000
18700000000
18800000000
18900000000
19000000000
19100000000
19200000000
19300000000
19400000000
19500000000
19600000000
19700000000
19800000000
19900000000
20000000000
20100000000
20200000000
20300000000
20400000000
20500000000
20600000000
20700000000
20800000000
20900000000
21000000000
21100000000
21200000000
21300000000
21400000000
21500000000
21600000000
21700000000
21800000000
21900000000
22000000000
22100000000
22200000000
22300000000
22400000000
22500000000
22600000000
22700000000
22800000000
22900000000
23000000000
23100000000
23200000000
23300000000
23400000000
23500000000
23600000000
23700000000
23800000000
23900000000
24000000000
24100000000
24200000000
24300000000
24400000000
24500000000
24600000000
24700000000
24800000000
24900000000
25000000000
25100000000
25200000000
25300000000
25400000000
25500000000
25600000000
25700000000
25800000000
25900000000
26000000000
26100000000
26200000000
26300000000
26400000000
26500000000
26600000000
26700000000
26800000000
26900000000
27000000000
27100000000
27200000000
27300000000
27400000000
27500000000
27600000000
27700000000
27800000000
27900000000
28000000000
28100000000
28200000000
28300000000
28400000000
28500000000
28600000000
28700000000
28800000000
28900000000
29000000000
29100000000
29200000000
29300000000
29400000000
29500000000
29600000000
29700000000
29800000000
29900000000
30000000000
30100000000
30200000000
30300000000
30400000000
30500000000
30600000000
30700000000
30800000000
30900000000
31000000000
31100000000
31200000000
31300000000
31400000000
31500000000
31600000000
31700000000
31800000000
31900000000
32000000000
32100000000
32200000000
32300000000
32400000000
32500000000
32600000000
32700000000
32800000000
32900000000
33000000000
33100000000
33200000000
33300000000
33400000000
33500000000
33600000000
33700000000
33800000000
33900000000
34000000000
34100000000
34200000000
34300000000
34400000000
34500000000
34600000000
34700000000
34800000000
34900000000
35000000000
35100000000
35200000000
35300000000
35400000000
35500000000
35600000000
35700000000
35800000000
35900000000
36000000000
36100000000
36200000000
36300000000
36400000000
36500000000
36600000000
36700000000
36800000000
36900000000
37000000000
37100000000
37200000000
37300000000
37400000000
37500000000
37600000000
37700000000
37800000000
37900000000
38000000000
38100000000
38200000000
38300000000
38400000000
38500000000
38600000000
38700000000
38800000000
38900000000
39000000000
39100000000
39200000000
39300000000
39400000000
39500000000
39600000000
39700000000
39800000000
39900000000
40000000000
40100000000
40200000000
40300000000
40400000000
40500000000
40600000000
40700000000
40800000000
40900000000
41000000000
41100000000
41200000000
41300000000
41400000000
41500000000
41600000000
41700000000
41800000000
41900000000
42000000000
42100000000
42200000000
42300000000
42400000000
42500000000
42600000000
42700000000
42800000000
42900000000
43000000000
43100000000
43200000000
43300000000
43400000000
43500000000
43600000000
43700000000
43800000000
43900000000
44000000000
44100000000
44200000000
44300000000
44400000000
44500000000
44600000000
44700000000
44800000000
44900000000
45000000000
45100000000
45200000000
45300000000
45400000000
45500000000
45600000000
45700000000
45800000000
45900000000
46000000000
46100000000
46200000000
46300000000
46400000000
46500000000
46600000000
46700000000
46800000000
46900000000
47000000000
47100000000
47200000000
47300000000
47400000000
47500000000
47600000000
47700000000
47800000000
47900000000
48000000000
48100000000
48200000000
48300000000
48400000000
48500000000
48600000000
48700000000
48800000000
48900000000
49000000000
49100000000
49200000000
49300000000
49400000000
49500000000
49600000000
49700000000
49800000000
49900000000
50000000000
50100000000
50200000000
50300000000
50400000000
50500000000
50600000000
50700000000
50800000000
50900000000
51000000000
51100000000
51200000000
51300000000
51400000000
51500000000
51600000000
51700000000
51800000000
51900000000
52000000000
52100000000
52200000000
52300000000
52400000000
52500000000
52600000000
52700000000
52800000000
52900000000
53000000000
53100000000
53200000000
53300000000
53400000000
53500000000
53600000000
53700000000
53800000000
53900000000
54000000000
54100000000
54200000000
54300000000
54400000000
54500000000
54600000000
54700000000
54800000000
54900000000
55000000000
55100000000
55200000000
55300000000
55400000000
55500000000
55600000000
55700000000
55800000000
55900000000
56000000000
56100000000
56200000000
56300000000
56400000000
56500000000
56600000000
56700000000
56800000000
56900000000
57000000000
57100000000
57200000000
57300000000
57400000000
57500000000
57600000000
57700000000
57800000000
57900000000
58000000000
58100000000
58200000000
58300000000
58400000000
58500000000
58600000000
58700000000
58800000000
58900000000
59000000000
59100000000
59200000000
59300000000
59400000000
59500000000
59600000000
59700000000
59800000000
59900000000
60000000000
60100000000
60200000000
60300000000
60400000000
60500000000
60600000000
60700000000
60800000000
60900000000
61000000000
61100000000
61200000000
61300000000
61400000000
61500000000
61600000000
61700000000
61800000000
61900000000
62000000000
62100000000
62200000000
62300000000
62400000000
62500000000
62600000000
62700000000
62800000000
62900000000
63000000000
63100000000
63200000000
63300000000
63400000000
63500000000
63600000000
63700000000
63800000000
63900000000
64000000000
64100000000
64200000000
64300000000
64400000000
64500000000
64600000000
64700000000
64800000000
64900000000
65000000000
65100000000
65200000000
65300000000
65400000000
65500000000
65600000000
65700000000
65800000000
65900000000
66000000000
66100000000
66200000000
66300000000
66400000000
66500000000
66600000000
66700000000
66800000000
66900000000
67000000000
67100000000
67200000000
67300000000
67400000000
67500000000
67600000000
67700000000
67800000000
67900000000
68000000000
68100000000
68200000000
68300000000
68400000000
68500000000
68600000000
68700000000
68800000000
68900000000
69000000000
69100000000
69200000000
69300000000
69400000000
69500000000
69600000000
69700000000
69800000000
69900000000
70000000000
70100000000
70200000000
70300000000
70400000000
70500000000
70600000000
70700000000
70800000000
70900000000
71000000000
71100000000
71200000000
71300000000
71400000000
71500000000
71600000000
71700000000
71800000000
71900000000
72000000000
72100000000
72200000000
72300000000
72400000000
72500000000
72600000000
72700000000
72800000000
72900000000
73000000000
73100000000
73200000000
73300000000
73400000000
73500000000
73600000000
73700000000
73800000000
73900000000
74000000000
74100000000
74200000000
74300000000
74400000000
74500000000
74600000000
74700000000
74800000000
74900000000
75000000000
75100000000
75200000000
75300000000
75400000000
75500000000
75600000000
75700000000
75800000000
75900000000
76000000000
76100000000
76200000000
76300000000
76400000000
76500000000
76600000000
76700000000
76800000000
76900000000
77000000000
77100000000
77200000000
77300000000
77400000000
77500000000
77600000000
77700000000
77800000000
77900000000
78000000000
78100000000
78200000000
78300000000
78400000000
78500000000
78600000000
78700000000
78800000000
78900000000
79000000000
79100000000
79200000000
79300000000
79400000000
79500000000
79600000000
79700000000
79800000000
79900000000
80000000000
80100000000
80200000000
80300000000
80400000000
80500000000
80600000000
80700000000
80800000000
80900000000
81000000000
81100000000
81200000000
81300000000
81400000000
81500000000
81600000000
81700000000
81800000000
81900000000
82000000000
82100000000
82200000000
82300000000
82400000000
82500000000
82600000000
82700000000
82800000000
82900000000
83000000000
83100000000
83200000000
83300000000
83400000000
83500000000
83600000000
83700000000
83800000000
83900000000
84000000000
84100000000
84200000000
84300000000
84400000000
84500000000
84600000000
84700000000
84800000000
84900000000
85000000000
85100000000
85200000000
85300000000
85400000000
85500000000
85600000000
85700000000
85800000000
85900000000
86000000000
86100000000
86200000000
86300000000
86400000000
86500000000
86600000000
86700000000
86800000000
86900000000
87000000000
87100000000
87200000000
87300000000
87400000000
87500000000
87600000000
87700000000
87800000000
87900000000
88000000000
88100000000
88200000000
88300000000
88400000000
88500000000
88600000000
88700000000
88800000000
88900000000
89000000000
89100000000
89200000000
89300000000
89400000000
89500000000
89600000000
89700000000
89800000000
89900000000
90000000000
90100000000
90200000000
90300000000
90400000000
90500000000
90600000000
90700000000
90800000000
90900000000
91000000000
91100000000
91200000000
91300000000
91400000000
91500000000
91600000000
91700000000
91800000000
91900000000
92000000000
92100000000
92200000000
92300000000
92400000000
92500000000
92600000000
92700000000
92800000000
92900000000
93000000000
93100000000
93200000000
93300000000
93400000000
93500000000
93600000000
93700000000
93800000000
93900000000
94000000000
94100000000
94200000000
94300000000
94400000000
94500000000
94600000000
94700000000
94800000000
94900000000
95000000000
95100000000
95200000000
95300000000
95400000000
95500000000
95600000000
95700000000
95800000000
95900000000
96000000000
96100000000
96200000000
96300000000
96400000000
96500000000
96600000000
96700000000
96800000000
96900000000
97000000000
97100000000
97200000000
97300000000
97400000000
97500000000
97600000000
97700000000
97800000000
97900000000
98000000000
98100000000
98200000000
98300000000
98400000000
98500000000
98600000000
98700000000
98800000000
98900000000
99000000000
99100000000
99200000000
99300000000
99400000000
99500000000
99600000000
99700000000
99800000000
99900000000
100000000000
105000000000
110000000000
115000000000
120000000000
125000000000
130000000000
135000000000
140000000000
145000000000
150000000000
155000000000
160000000000
165000000000
170000000000
175000000000
180000000000
185000000000
190000000000
195000000000
200000000000
205000000000
210000000000
215000000000
220000000000
225000000000
230000000000
235000000000
240000000000
245000000000
250000000000
255000000000
260000000000
265000000000
270000000000
275000000000
280000000000
285000000000
290000000000
295000000000
300000000000
305000000000
310000000000
315000000000
320000000000
325000000000
330000000000
335000000000
340000000000
345000000000
350000000000
355000000000
360000000000
365000000000
370000000000
375000000000
380000000000
385000000000
390000000000
395000000000
400000000000
405000000000
410000000000
415000000000
420000000000
425000000000
430000000000
435000000000
440000000000
445000000000
450000000000
455000000000
460000000000
465000000000
470000000000
475000000000
480000000000
485000000000
490000000000
495000000000
500000000000
505000000000
510000000000
515000000000
520000000000
525000000000
530000000000
535000000000
540000000000
545000000000
550000000000
555000000000
560000000000
565000000000
570000000000
575000000000
580000000000
585000000000
590000000000
595000000000
600000000000
605000000000
610000000000
615000000000
620000000000
625000000000
630000000000
635000000000
640000000000
645000000000
650000000000
655000000000
660000000000
665000000000
670000000000
675000000000
680000000000
685000000000
690000000000
695000000000
700000000000
705000000000
710000000000
715000000000
720000000000
725000000000
730000000000
735000000000
740000000000
745000000000
750000000000
755000000000
760000000000
765000000000
770000000000
775000000000
780000000000
785000000000
790000000000
795000000000
800000000000
805000000000
810000000000
815000000000
820000000000
825000000000
830000000000
835000000000
840000000000
845000000000
850000000000
855000000000
860000000000
865000000000
870000000000
875000000000
880000000000
885000000000
890000000000
895000000000
900000000000
905000000000
910000000000
915000000000
920000000000
925000000000
930000000000
935000000000
940000000000
945000000000
950000000000
955000000000
960000000000
965000000000
970000000000
975000000000
980000000000
985000000000
990000000000
995000000000
1000000000000
1100000000000
1200000000000
1300000000000
1400000000000
1500000000000
1600000000000
1700000000000
1800000000000
1900000000000
2000000000000
2100000000000
2200000000000
2300000000000
2400000000000
2500000000000
2600000000000
2700000000000
2800000000000
2900000000000
3000000000000
3100000000000
3200000000000
3300000000000
3400000000000
3500000000000
3600000000000
3700000000000
3800000000000
3900000000000
4000000000000
4100000000000
4200000000000
4300000000000
4400000000000
4500000000000
4600000000000
4700000000000
4800000000000
4900000000000
5000000000000
5100000000000
5200000000000
5300000000000
5400000000000
5500000000000
5600000000000
5700000000000
5800000000000
5900000000000
6000000000000
6100000000000
6200000000000
6300000000000
6400000000000
6500000000000
6600000000000
6700000000000
6800000000000
6900000000000
7000000000000
7100000000000
7200000000000
7300000000000
7400000000000
7500000000000
7600000000000
7700000000000
7800000000000
7900000000000
8000000000000
8100000000000
8200000000000
8300000000000
8400000000000
8500000000000
8600000000000
8700000000000
8800000000000
8900000000000
9000000000000
9100000000000
9200000000000
9300000000000
9400000000000
9500000000000
9600000000000
9700000000000
9800000000000
9900000000000
10000000000000
10100000000000
10200000000000
10300000000000
10400000000000
10500000000000
10600000000000
10700000000000
10800000000000
10900000000000
11000000000000
11100000000000
11200000000000
11300000000000
11400000000000
11500000000000
11600000000000
11700000000000
11800000000000
11900000000000
12000000000000
12100000000000
12200000000000
12300000000000
12400000000000
12500000000000
12600000000000
12700000000000
12800000000000
12900000000000
13000000000000
13100000000000
13200000000000
13300000000000
13400000000000
13500000000000
13600000000000
13700000000000
13800000000000
13900000000000
14000000000000
14100000000000
14200000000000
14300000000000
14400000000000
14500000000000
14600000000000
14700000000000
14800000000000
14900000000000
15000000000000
15100000000000
15200000000000
15300000000000
15400000000000
15500000000000
15600000000000
15700000000000
15800000000000
15900000000000
16000000000000
16100000000000
16200000000000
16300000000000
16400000000000
16500000000000
16600000000000
16700000000000
16800000000000
16900000000000
17000000000000
17100000000000
17200000000000
17300000000000
17400000000000
17500000000000
17600000000000
17700000000000
17800000000000
17900000000000
18000000000000
18100000000000
18200000000000
18300000000000
18400000000000
18500000000000
18600000000000
18700000000000
18800000000000
18900000000000
19000000000000
19100000000000
19200000000000
19300000000000
19400000000000
19500000000000
19600000000000
19700000000000
19800000000000
19900000000000
20000000000000
20100000000000
20200000000000
20300000000000
20400000000000
20500000000000
20600000000000
20700000000000
20800000000000
20900000000000
21000000000000
21100000000000
21200000000000
21300000000000
21400000000000
21500000000000
21600000000000
21700000000000
21800000000000
21900000000000
22000000000000
22100000000000
22200000000000
22300000000000
22400000000000
22500000000000
22600000000000
22700000000000
22800000000000
22900000000000
23000000000000
23100000000000
23200000000000
23300000000000
23400000000000
23500000000000
23600000000000
23700000000000
23800000000000
23900000000000
24000000000000
24100000000000
24200000000000
24300000000000
24400000000000
24500000000000
24600000000000
24700000000000
24800000000000
24900000000000
25000000000000
25100000000000
25200000000000
25300000000000
25400000000000
25500000000000
25600000000000
25700000000000
25800000000000
25900000000000
26000000000000
26100000000000
26200000000000
26300000000000
26400000000000
26500000000000
26600000000000
26700000000000
26800000000000
26900000000000
27000000000000
27100000000000
27200000000000
27300000000000
27400000000000
27500000000000
27600000000000
27700000000000
27800000000000
27900000000000
28000000000000
28100000000000
28200000000000
28300000000000
28400000000000
28500000000000
28600000000000
28700000000000
28800000000000
28900000000000
29000000000000
29100000000000
29200000000000
29300000000000
29400000000000
29500000000000
29600000000000
29700000000000
29800000000000
29900000000000
30000000000000
30100000000000
30200000000000
30300000000000
30400000000000
30500000000000
30600000000000
30700000000000
30800000000000
30900000000000
31000000000000
31100000000000
31200000000000
31300000000000
31400000000000
31500000000000
31600000000000
31700000000000
31800000000000
31900000000000
32000000000000
32100000000000
32200000000000
32300000000000
32400000000000
32500000000000
32600000000000
32700000000000
32800000000000
32900000000000
33000000000000
33100000000000
33200000000000
33300000000000
33400000000000
33500000000000
33600000000000
33700000000000
33800000000000
33900000000000
34000000000000
34100000000000
34200000000000
34300000000000
34400000000000
34500000000000
34600000000000
34700000000000
34800000000000
34900000000000
35000000000000
35100000000000
35200000000000
35300000000000
35400000000000
35500000000000
35600000000000
35700000000000
35800000000000
35900000000000
36000000000000
36100000000000
36200000000000
36300000000000
36400000000000
36500000000000
36600000000000
36700000000000
36800000000000
36900000000000
37000000000000
37100000000000
37200000000000
37300000000000
37400000000000
37500000000000
37600000000000
37700000000000
37800000000000
37900000000000
38000000000000
38100000000000
38200000000000
38300000000000
38400000000000
38500000000000
38600000000000
38700000000000
38800000000000
38900000000000
39000000000000
39100000000000
39200000000000
39300000000000
39400000000000
39500000000000
39600000000000
39700000000000
39800000000000
39900000000000
40000000000000
40100000000000
40200000000000
40300000000000
40400000000000
40500000000000
40600000000000
40700000000000
40800000000000
40900000000000
41000000000000
41100000000000
41200000000000
41300000000000
41400000000000
41500000000000
41600000000000
41700000000000
41800000000000
41900000000000
42000000000000
42100000000000
42200000000000
42300000000000
42400000000000
42500000000000
42600000000000
42700000000000
42800000000000
42900000000000
43000000000000
43100000000000
43200000000000
43300000000000
43400000000000
43500000000000
43600000000000
43700000000000
43800000000000
43900000000000
44000000000000
44100000000000
44200000000000
44300000000000
44400000000000
44500000000000
44600000000000
44700000000000
44800000000000
44900000000000
45000000000000
45100000000000
45200000000000
45300000000000
45400000000000
45500000000000
45600000000000
45700000000000
45800000000000
45900000000000
46000000000000
46100000000000
46200000000000
46300000000000
46400000000000
46500000000000
46600000000000
46700000000000
46800000000000
46900000000000
47000000000000
47100000000000
47200000000000
47300000000000
47400000000000
47500000000000
47600000000000
47700000000000
47800000000000
47900000000000
48000000000000
48100000000000
48200000000000
48300000000000
48400000000000
48500000000000
48600000000000
48700000000000
48800000000000
48900000000000
49000000000000
49100000000000
49200000000000
49300000000000
49400000000000
49500000000000
49600000000000
49700000000000
49800000000000
49900000000000
50000000000000
50100000000000
50200000000000
50300000000000
50400000000000
50500000000000
50600000000000
50700000000000
50800000000000
50900000000000
51000000000000
51100000000000
51200000000000
51300000000000
51400000000000
51500000000000
51600000000000
51700000000000
51800000000000
51900000000000
52000000000000
52100000000000
52200000000000
52300000000000
52400000000000
52500000000000
52600000000000
52700000000000
52800000000000
52900000000000
53000000000000
53100000000000
53200000000000
53300000000000
53400000000000
53500000000000
53600000000000
53700000000000
53800000000000
53900000000000
54000000000000
54100000000000
54200000000000
54300000000000
54400000000000
54500000000000
54600000000000
54700000000000
54800000000000
54900000000000
55000000000000
55100000000000
55200000000000
55300000000000
55400000000000
55500000000000
55600000000000
55700000000000
55800000000000
55900000000000
56000000000000
56100000000000
56200000000000
56300000000000
56400000000000
56500000000000
56600000000000
56700000000000
56800000000000
56900000000000
57000000000000
57100000000000
57200000000000
57300000000000
57400000000000
57500000000000
57600000000000
57700000000000
57800000000000
57900000000000
58000000000000
58100000000000
58200000000000
58300000000000
58400000000000
58500000000000
58600000000000
58700000000000
58800000000000
58900000000000
59000000000000
59100000000000
59200000000000
59300000000000
59400000000000
59500000000000
59600000000000
59700000000000
59800000000000
59900000000000
60000000000000
60100000000000
60200000000000
60300000000000
60400000000000
60500000000000
60600000000000
60700000000000
60800000000000
60900000000000
61000000000000
61100000000000
61200000000000
61300000000000
61400000000000
61500000000000
61600000000000
61700000000000
61800000000000
61900000000000
62000000000000
62100000000000
62200000000000
62300000000000
62400000000000
62500000000000
62600000000000
62700000000000
62800000000000
62900000000000
63000000000000
63100000000000
63200000000000
63300000000000
63400000000000
63500000000000
63600000000000
63700000000000
63800000000000
63900000000000
64000000000000
64100000000000
64200000000000
64300000000000
64400000000000
64500000000000
64600000000000
64700000000000
64800000000000
64900000000000
65000000000000
65100000000000
65200000000000
65300000000000
65400000000000
65500000000000
65600000000000
65700000000000
65800000000000
65900000000000
66000000000000
66100000000000
66200000000000
66300000000000
66400000000000
66500000000000
66600000000000
66700000000000
66800000000000
66900000000000
67000000000000
67100000000000
67200000000000
67300000000000
67400000000000
67500000000000
67600000000000
67700000000000
67800000000000
67900000000000
68000000000000
68100000000000
68200000000000
68300000000000
68400000000000
68500000000000
68600000000000
68700000000000
68800000000000
68900000000000
69000000000000
69100000000000
69200000000000
69300000000000
69400000000000
69500000000000
69600000000000
69700000000000
69800000000000
69900000000000
70000000000000
70100000000000
70200000000000
70300000000000
70400000000000
70500000000000
70600000000000
70700000000000
70800000000000
70900000000000
71000000000000
71100000000000
71200000000000
71300000000000
71400000000000
71500000000000
71600000000000
71700000000000
71800000000000
71900000000000
72000000000000
72100000000000
72200000000000
72300000000000
72400000000000
72500000000000
72600000000000
72700000000000
72800000000000
72900000000000
73000000000000
73100000000000
73200000000000
73300000000000
73400000000000
73500000000000
73600000000000
73700000000000
73800000000000
73900000000000
74000000000000
74100000000000
74200000000000
74300000000000
74400000000000
74500000000000
74600000000000
74700000000000
74800000000000
74900000000000
75000000000000
75100000000000
75200000000000
75300000000000
75400000000000
75500000000000
75600000000000
75700000000000
75800000000000
75900000000000
76000000000000
76100000000000
76200000000000
76300000000000
76400000000000
76500000000000
76600000000000
76700000000000
76800000000000
76900000000000
77000000000000
77100000000000
77200000000000
77300000000000
77400000000000
77500000000000
77600000000000
77700000000000
77800000000000
77900000000000
78000000000000
78100000000000
78200000000000
78300000000000
78400000000000
78500000000000
78600000000000
78700000000000
78800000000000
78900000000000
79000000000000
79100000000000
79200000000000
79300000000000
79400000000000
79500000000000
79600000000000
79700000000000
79800000000000
79900000000000
80000000000000
80100000000000
80200000000000
80300000000000
80400000000000
80500000000000
80600000000000
80700000000000
80800000000000
80900000000000
81000000000000
81100000000000
81200000000000
81300000000000
81400000000000
81500000000000
81600000000000
81700000000000
81800000000000
81900000000000
82000000000000
82100000000000
82200000000000
82300000000000
82400000000000
82500000000000
82600000000000
82700000000000
82800000000000
82900000000000
83000000000000
83100000000000
83200000000000
83300000000000
83400000000000
83500000000000
83600000000000
83700000000000
83800000000000
83900000000000
84000000000000
84100000000000
84200000000000
84300000000000
84400000000000
84500000000000
84600000000000
84700000000000
84800000000000
84900000000000
85000000000000
85100000000000
85200000000000
85300000000000
85400000000000
85500000000000
85600000000000
85700000000000
85800000000000
85900000000000
86000000000000
86100000000000
86200000000000
86300000000000
86400000000000
86500000000000
86600000000000
86700000000000
86800000000000
86900000000000
87000000000000
87100000000000
87200000000000
87300000000000
87400000000000
87500000000000
87600000000000
87700000000000
87800000000000
87900000000000
88000000000000
88100000000000
88200000000000
88300000000000
88400000000000
88500000000000
88600000000000
88700000000000
88800000000000
88900000000000
89000000000000
89100000000000
89200000000000
89300000000000
89400000000000
89500000000000
89600000000000
89700000000000
89800000000000
89900000000000
90000000000000
90100000000000
90200000000000
90300000000000
90400000000000
90500000000000
90600000000000
90700000000000
90800000000000
90900000000000
91000000000000
91100000000000
91200000000000
91300000000000
91400000000000
91500000000000
91600000000000
91700000000000
91800000000000
91900000000000
92000000000000
92100000000000
92200000000000
92300000000000
92400000000000
92500000000000
92600000000000
92700000000000
92800000000000
92900000000000
93000000000000
93100000000000
93200000000000
93300000000000
93400000000000
93500000000000
93600000000000
93700000000000
93800000000000
93900000000000
94000000000000
94100000000000
94200000000000
94300000000000
94400000000000
94500000000000
94600000000000
94700000000000
94800000000000
94900000000000
95000000000000
95100000000000
95200000000000
95300000000000
95400000000000
95500000000000
95600000000000
95700000000000
95800000000000
95900000000000
96000000000000
96100000000000
96200000000000
96300000000000
96400000000000
96500000000000
96600000000000
96700000000000
96800000000000
96900000000000
97000000000000
97100000000000
97200000000000
97300000000000
97400000000000
97500000000000
97600000000000
97700000000000
97800000000000
97900000000000
98000000000000
98100000000000
98200000000000
98300000000000
98400000000000
98500000000000
98600000000000
98700000000000
98800000000000
98900000000000
99000000000000
99100000000000
99200000000000
99300000000000
99400000000000
99500000000000
99600000000000
99700000000000
99800000000000
99900000000000
100000000000000
110000000000000
120000000000000
130000000000000
140000000000000
150000000000000
160000000000000
170000000000000
180000000000000
190000000000000
200000000000000
210000000000000
220000000000000
230000000000000
240000000000000
250000000000000
260000000000000
270000000000000
280000000000000
290000000000000
300000000000000
310000000000000
320000000000000
330000000000000
340000000000000
350000000000000
360000000000000
370000000000000
380000000000000
390000000000000
400000000000000
410000000000000
420000000000000
430000000000000
440000000000000
450000000000000
460000000000000
470000000000000
480000000000000
490000000000000
500000000000000
510000000000000
520000000000000
530000000000000
540000000000000
550000000000000
560000000000000
570000000000000
580000000000000
590000000000000
600000000000000
610000000000000
620000000000000
630000000000000
640000000000000
650000000000000
660000000000000
670000000000000
680000000000000
690000000000000
700000000000000
710000000000000
720000000000000
730000000000000
740000000000000
750000000000000
760000000000000
770000000000000
780000000000000
790000000000000
800000000000000
810000000000000
820000000000000
830000000000000
840000000000000
850000000000000
860000000000000
870000000000000
880000000000000
890000000000000
900000000000000
910000000000000
920000000000000
930000000000000
940000000000000
950000000000000
960000000000000
970000000000000
980000000000000
990000000000000
1000000000000000
1100000000000000
1200000000000000
1300000000000000
1400000000000000
1500000000000000
1600000000000000
1700000000000000
1800000000000000
1900000000000000
2000000000000000
2100000000000000
2200000000000000
2300000000000000
2400000000000000
2500000000000000
2600000000000000
2700000000000000
2800000000000000
2900000000000000
3000000000000000
3100000000000000
3200000000000000
3300000000000000
3400000000000000
3500000000000000
3600000000000000
3700000000000000
3800000000000000
3900000000000000
4000000000000000
4100000000000000
4200000000000000
4300000000000000
4400000000000000
4500000000000000
4600000000000000
4700000000000000
4800000000000000
4900000000000000
5000000000000000
5100000000000000
5200000000000000
5300000000000000
5400000000000000
5500000000000000
5600000000000000
5700000000000000
5800000000000000
5900000000000000
6000000000000000
6100000000000000
6200000000000000
6300000000000000
6400000000000000
6500000000000000
6600000000000000
6700000000000000
6800000000000000
6900000000000000
7000000000000000
7100000000000000
7200000000000000
7300000000000000
7400000000000000
7500000000000000
7600000000000000
7700000000000000
7800000000000000
7900000000000000
8000000000000000
8100000000000000
8200000000000000
8300000000000000
8400000000000000
8500000000000000
8600000000000000
8700000000000000
8800000000000000
8900000000000000
9000000000000000
9100000000000000
9200000000000000
9300000000000000
9400000000000000
9500000000000000
9600000000000000
9700000000000000
9800000000000000
9900000000000000
10000000000000000
20000000000000000
30000000000000000
40000000000000000
50000000000000000
60000000000000000
70000000000000000
80000000000000000
90000000000000000
100000000000000000
