1000
2000
3000
4000
5000
6000
7000
8000
9000
10000
11000
12000
13000
14000
15000
16000
17000
18000
19000
20000
21000
22000
23000
24000
25000
26000
27000
28000
29000
30000
31000
32000
33000
34000
35000
36000
37000
38000
39000
40000
41000
42000
43000
44000
45000
46000
47000
48000
49000
50000
51000
52000
53000
54000
55000
56000
57000
58000
59000
60000
61000
62000
63000
64000
65000
66000
67000
68000
69000
70000
71000
72000
73000
74000
75000
76000
77000
78000
79000
80000
81000
82000
83000
84000
85000
86000
87000
88000
89000
90000
91000
92000
93000
94000
95000
96000
97000
98000
99000
100000
110000
120000
130000
140000
150000
160000
170000
180000
190000
200000
210000
220000
230000
240000
250000
260000
270000
280000
290000
300000
310000
320000
330000
340000
350000
360000
370000
380000
390000
400000
410000
420000
430000
440000
450000
460000
470000
480000
490000
500000
510000
520000
530000
540000
550000
560000
570000
580000
590000
600000
610000
620000
630000
640000
650000
660000
670000
680000
690000
700000
710000
720000
730000
740000
750000
760000
770000
780000
790000
800000
810000
820000
830000
840000
850000
860000
870000
880000
890000
900000
910000
920000
930000
940000
950000
960000
970000
980000
990000
1000000
1100000
1200000
1300000
1400000
1500000
1600000
1700000
1800000
1900000
2000000
2100000
2200000
2300000
2400000
2500000
2600000
2700000
2800000
2900000
3000000
3100000
3200000
3300000
3400000
3500000
3600000
3700000
3800000
3900000
4000000
4100000
4200000
4300000
4400000
4500000
4600000
4700000
4800000
4900000
5000000
5100000
5200000
5300000
5400000
5500000
5600000
5700000
5800000
5900000
6000000
6100000
6200000
6300000
6400000
6500000
6600000
6700000
6800000
6900000
7000000
7100000
7200000
7300000
7400000
7500000
7600000
7700000
7800000
7900000
8000000
8100000
8200000
8300000
8400000
8500000
8600000
8700000
8800000
8900000
9000000
9100000
9200000
9300000
9400000
9500000
9600000
9700000
9800000
9900000
10000000
11000000
12000000
13000000
14000000
15000000
16000000
17000000
18000000
19000000
20000000
21000000
22000000
23000000
24000000
25000000
26000000
27000000
28000000
29000000
30000000
31000000
32000000
33000000
34000000
35000000
36000000
37000000
38000000
39000000
40000000
41000000
42000000
43000000
44000000
45000000
46000000
47000000
48000000
49000000
50000000
51000000
52000000
53000000
54000000
55000000
56000000
57000000
58000000
59000000
60000000
61000000
62000000
63000000
64000000
65000000
66000000
67000000
68000000
69000000
70000000
71000000
72000000
73000000
74000000
75000000
76000000
77000000
78000000
79000000
80000000
81000000
82000000
83000000
84000000
85000000
86000000
87000000
88000000
89000000
90000000
91000000
92000000
93000000
94000000
95000000
96000000
97000000
98000000
99000000
100000000
200000000
300000000
400000000
500000000
600000000
700000000
800000000
900000000
1000000000
2000000000
3000000000
4000000000
5000000000
6000000000
7000000000
8000000000
9000000000
10000000000
20000000000
30000000000
40000000000
50000000000
60000000000
70000000000
80000000000
90000000000
100000000000
200000000000
300000000000
400000000000
500000000000
600000000000
700000000000
800000000000
900000000000
1000000000000
2000000000000
3000000000000
4000000000000
5000000000000
6000000000000
7000000000000
8000000000000
9000000000000
10000000000000
20000000000000
30000000000000
40000000000000
50000000000000
60000000000000
70000000000000
80000000000000
90000000000000
100000000000000
200000000000000
300000000000000
400000000000000
500000000000000
600000000000000
700000000000000
800000000000000
900000000000000
1000000000000000
2000000000000000
3000000000000000
4000000000000000
5000000000000000
6000000000000000
7000000000000000
8000000000000000
9000000000000000
10000000000000000
20000000000000000
30000000000000000
40000000000000000
50000000000000000
60000000000000000
70000000000000000
80000000000000000
90000000000000000
100000000000000000
